No.                                               Name     Year    Price
  1                                             Fusion     2006 49154.70
  2                                              Prius     2005 48328.64
  3                                             Esprit     1998 44791.57
  4                                            Seville     1992 43054.21
  5                                                929     1991 42752.50
  6                                              Regal     2000 41286.23
  7                                       Escalade ESV     2003 41038.44
  8                                                 xB     2012 40893.24
  9                                           Grand Am     1985 34522.37
 10                                           SL-Class     2000 33863.55
 11                                               QX56     2009 32508.22
 12                                                929     1988 32316.09
 13                                              S2000     2002 30986.32
 14                                        Sierra 1500     1999 30971.82
 15                                              Relay     2005 23784.81
 16                                                rio     2001 23500.76
 17                                               9-7X     2005 22044.38
 18                                           Mystique     1998 16741.57
 19                                            del Sol     1995 10980.56
 20                                            Marquis     1984 10959.41
